function pwm=f_1(u)
pwm = 0.0004087630826036687*u^3 - 0.141361790772926*u^2 + 17.097698790218242*u - 620.9671400241792;
end
